prod_773K.lammpstrj:0.3399256011850118 
prod_823K.lammpstrj:0.33295309764049125 
prod_873K.lammpstrj:0.43910633895984214 
